-0.5327304739388058,0.4075456607797783
-0.108298202126721,0.4113973409305629
-0.9639165610212029,0.6610940709462501
0.6818272106974599,-0.7501464509406249
0.9478757259667858,0.4587363102000097
0.1093489317992171,0.6455240729867235
-0.6736024643997996,0.8245538163482391
0.258608427401207,-0.9396192253047292
0.6152023109190332,-0.2710671112198998
0.3964961732809504,0.4109207007006952
0.7335432840952154,0.03442380930895061
-0.1582864803725145,-0.2765379183643194
-0.5046648785944793,0.5239660987815602
0.4562580872768589,0.3876406839545814
-0.7986687201100527,0.7729432135562377
